5 6

1 2 2

2 5 5

2 3 4

1 4 1

4 3 3

3 5 1


5 6

1 2 2

2 5 5

2 3 4

1 4 1

4 3 3

3 5 1


2 1

1 2 1


3 1

1 2 1


3 3

1 2 1

1 3 2

2 3 1


10 10

1 5 12

2 4 140

2 10 149

3 6 154

3 7 9

3 8 226

3 10 132

4 10 55

5 8 33

7 8 173


10 10

1 5 178

1 8 221

2 7 92

2 8 159

3 5 55

3 6 179

3 10 237

4 8 205

5 6 191

8 10 157


10 10

1 4 200

1 9 197

3 4 79

3 5 213

3 6 149

5 8 3

5 9 189

6 7 130

6 9 51

8 10 135


10 10

1 4 201

2 3 238

3 4 40

3 6 231

3 8 45

4 5 227

4 6 58

4 9 55

5 7 14

6 10 242


100 896

1 3 17

1 5 139

1 8 181

1 11 108

1 16 49

1 27 182

1 32 71

1 33 154

1 34 131

1 40 89

1 41 164

1 43 106

1 50 74

1 54 12

1 63 230

1 65 239

1 72 137

1 73 128

1 87 180

1 97 62

1 99 43

2 7 83

2 9 119

2 12 110

2 13 199

2 20 229

2 30 204

2 42 121

2 45 163

2 58 174

2 59 199

2 60 39

2 77 134

2 79 199

2 84 163

2 92 133

2 95 21

2 96 89

3 7 122

3 11 247

3 13 122

3 24 55

3 26 108

3 27 7

3 29 95

3 31 218

3 32 48

3 35 151

3 37 109

3 39 213

3 40 184

3 45 140

3 46 ...


100 900

1 2 189

1 3 47

1 18 120

1 20 69

1 28 151

1 37 30

1 47 167

1 48 67

1 50 80

1 51 35

1 53 232

1 59 151

1 61 37

1 63 168

1 67 34

1 68 54

1 69 119

1 72 37

1 73 34

1 76 201

1 83 77

1 84 94

1 86 116

1 92 109

1 93 103

1 94 15

1 95 189

2 5 219

2 11 238

2 15 203

2 19 21

2 20 21

2 21 150

2 23 52

2 24 209

2 32 56

2 41 81

2 47 216

2 58 55

2 59 153

2 70 2

2 80 184

2 84 160

2 86 159

2 87 51

2 90 42

2 96 131

2 100 220

3 11 212

3 20 74

3 22 99

3 28 33

3 33 26

3 ...


100 50

1 23 133

1 87 16

2 9 78

3 12 117

3 39 19

5 25 219

5 47 130

5 97 157

6 50 114

9 11 25

9 39 227

10 45 187

10 77 120

12 19 85

13 43 247

14 16 4

15 33 223

16 33 1

19 69 204

20 35 119

20 43 213

20 86 19

22 40 233

23 33 61

23 79 152

26 89 213

27 57 129

28 42 220

31 68 84

31 69 183

32 39 145

32 100 117

33 49 198

34 48 78

37 66 200

37 91 77

39 44 235

41 70 109

42 92 33

44 74 196

48 73 26

51 57 216

53 70 158

63 98 220

66 72 148

80 93 150

81 99 54

83 84 129

83 ...

